2020
0551
0519
3015
0566
0520
0511
0518
0522
0560
0523
0531
0978
0578
0701
0516
0521
0532
384
378
0562
0528
0702
0517
0510
2014
0527
0664
0663
0553
0530
379
0524
0561
0501
0502
0725
0564
0979
0504
0503
0704
0552
0515
0512
0513
0665
0591
0281
0672
2016
0201
2127
0747
0549
2083
0744
2128
0589
0746
1114
2000
2022
1004
1115
1002
2010
1006
2050
0667
0537
3013
0535
1110
1203
0705
0301
2006
0533
0576
1102
0708
0706
1101
0542
1104
7503009492317
0488
109931
7501100662035
7501100662028
0543
7501100662301
2901
0545
2902
7501100662004
7501100662042
7501100662356
7503000464566
0901
0903
0905
0902
7500462583552
2018
0575
COIN-CAR-120
0904
0781718678933
0781718678902
0781718678919
0781718678926
0700083918000
7503007181145
6924400200065